,year,population,labor_force,population_percent,employed_total,employed_percent,agriculture_ratio,nonagriculture_ratio,unemployed,unemployed_percent,not_in_labor,footnotes,average_employed,average_unemployed,average_population,agriculture_ratio_rate,non_agriculture_ratio_rate,labor_force_participation_rate
0,1941,99900.0,55910.0,56.0,50350.0,50.4,9100.0,41250.0,5560.0,9.9,43990.0,,93542.27142857143,5721.492857142857,157020.37857142856,18.073485600794438,81.92651439920556,55.96596596596597
1,1942,98640.0,56410.0,57.2,53750.0,54.5,9250.0,44500.0,2660.0,4.7,42230.0,,93542.27142857143,5721.492857142857,157020.37857142856,17.209302325581397,82.7906976744186,57.18775344687753
2,1943,94640.0,55540.0,58.7,54470.0,57.6,9080.0,45390.0,1070.0,1.9,39100.0,,93542.27142857143,5721.492857142857,157020.37857142856,16.669726454929318,83.33027354507068,58.685545224006766
3,1944,93220.0,54630.0,58.6,53960.0,57.9,8950.0,45010.0,670.0,1.2,38590.0,,93542.27142857143,5721.492857142857,157020.37857142856,16.586360266864343,83.41363973313565,58.60330401201459
4,1945,94090.0,53860.0,57.2,52820.0,56.1,8580.0,44240.0,1040.0,1.9,40230.0,,93542.27142857143,5721.492857142857,157020.37857142856,16.243847027641046,83.75615297235896,57.24306515038793
5,1946,103070.0,57520.0,55.8,55250.0,53.6,8320.0,46930.0,2270.0,3.9,45550.0,,93542.27142857143,5721.492857142857,157020.37857142856,15.058823529411763,84.94117647058823,55.80673328805666
6,1947,103922.5,59759.0,57.55,57425.0,55.25,8073.0,49352.5,2333.5,3.9,44163.5,,93542.27142857143,5721.492857142857,157020.37857142856,14.05833696125381,85.94253373966043,57.503428035314776
7,1948,103068.0,60621.0,58.8,58343.0,56.6,7629.0,50714.0,2276.0,3.8,42447.0,,93542.27142857143,5721.492857142857,157020.37857142856,13.076118814596438,86.92388118540356,58.81650948888113
8,1949,103994.0,61286.0,58.9,57651.0,55.4,7658.0,49993.0,3637.0,5.9,42708.0,,93542.27142857143,5721.492857142857,157020.37857142856,13.28337756500321,86.7166224349968,58.932246091120646
9,1950,104995.0,62208.0,59.2,58918.0,56.1,7160.0,51758.0,3288.0,5.3,42787.0,,93542.27142857143,5721.492857142857,157020.37857142856,12.152483112121933,87.84751688787806,59.2485356445545
10,1951,104621.0,62017.0,59.2,59961.0,57.3,6726.0,53235.0,2055.0,3.3,42604.0,,93542.27142857143,5721.492857142857,157020.37857142856,11.217291239305549,88.78270876069445,59.27777406065704
11,1952,105231.0,62138.0,59.0,60250.0,57.3,6500.0,53749.0,1883.0,3.0,43093.0,,93542.27142857143,5721.492857142857,157020.37857142856,10.78838174273859,89.20995850622407,59.04913951212095
12,1953,107056.0,63015.0,58.9,61179.0,57.1,6260.0,54919.0,1834.0,2.9,44041.0,1.0,93542.27142857143,5721.492857142857,157020.37857142856,10.232269242714004,89.767730757286,58.861717232102826
13,1954,108321.0,63643.0,58.8,60109.0,55.5,6205.0,53904.0,3532.0,5.5,44678.0,,93542.27142857143,5721.492857142857,157020.37857142856,10.322913374037165,89.67708662596283,58.75407354068002
14,1955,109683.0,65023.0,59.3,62170.0,56.7,6450.0,55722.0,2852.0,4.4,44660.0,,93542.27142857143,5721.492857142857,157020.37857142856,10.374778832234197,89.62843815345022,59.282660029357324
15,1956,110954.0,66552.0,60.0,63799.0,57.5,6283.0,57514.0,2750.0,4.1,44402.0,,93542.27142857143,5721.492857142857,157020.37857142856,9.848116741641718,90.14874841298453,59.981614002199116
16,1957,112265.0,66929.0,59.6,64071.0,57.1,5947.0,58123.0,2859.0,4.3,45336.0,,93542.27142857143,5721.492857142857,157020.37857142856,9.281890402834355,90.71654882864323,59.61697768672338
17,1958,113727.0,67639.0,59.5,63036.0,55.4,5586.0,57450.0,4602.0,6.8,46088.0,,93542.27142857143,5721.492857142857,157020.37857142856,8.861602893584617,91.13839710641538,59.474882833452035
18,1959,115329.0,68369.0,59.3,64630.0,56.0,5565.0,59065.0,3740.0,5.5,46960.0,,93542.27142857143,5721.492857142857,157020.37857142856,8.610552375058022,91.38944762494198,59.28170711616333
19,1960,117245.0,69628.0,59.4,65778.0,56.1,5458.0,60318.0,3852.0,5.5,47617.0,1.0,93542.27142857143,5721.492857142857,157020.37857142856,8.297607102678707,91.69935236705281,59.38675423258988
20,1961,118771.0,70459.0,59.3,65746.0,55.4,5200.0,60546.0,4714.0,6.7,48312.0,,93542.27142857143,5721.492857142857,157020.37857142856,7.9092264168162325,92.09077358318378,59.32340386121191
21,1962,120153.0,70614.0,58.8,66702.0,55.5,4944.0,61759.0,3911.0,5.5,49539.0,1.0,93542.27142857143,5721.492857142857,157020.37857142856,7.412071602050912,92.58942760337021,58.77006816309206
22,1963,122416.0,71833.0,58.7,67762.0,55.4,4687.0,63076.0,4070.0,5.7,50583.0,,93542.27142857143,5721.492857142857,157020.37857142856,6.916856055016085,93.08461969835601,58.67942099072017
23,1964,124485.0,73091.0,58.7,69305.0,55.7,4523.0,64782.0,3786.0,5.2,51394.0,,93542.27142857143,5721.492857142857,157020.37857142856,6.5262246591155035,93.47377534088449,58.714704582881474
24,1965,126513.0,74455.0,58.9,71088.0,56.2,4361.0,66726.0,3366.0,4.5,52058.0,,93542.27142857143,5721.492857142857,157020.37857142856,6.134650011253657,93.8639432815665,58.8516595132516
25,1966,128058.0,75770.0,59.2,72895.0,56.9,3979.0,68915.0,2875.0,3.8,52288.0,,93542.27142857143,5721.492857142857,157020.37857142856,5.458536250771657,94.54009191302558,59.16850177263427
26,1967,129874.0,77347.0,59.6,74372.0,57.3,3844.0,70527.0,2975.0,3.8,52527.0,,93542.27142857143,5721.492857142857,157020.37857142856,5.168611843166783,94.83004356478244,59.555415248625586
27,1968,132028.0,78737.0,59.6,75920.0,57.5,3817.0,72103.0,2817.0,3.6,53291.0,,93542.27142857143,5721.492857142857,157020.37857142856,5.0276606954689145,94.97233930453109,59.636592238010124
28,1969,134335.0,80734.0,60.1,77902.0,58.0,3606.0,74296.0,2832.0,3.5,53602.0,,93542.27142857143,5721.492857142857,157020.37857142856,4.6288927113552925,95.37110728864471,60.099006215803776
29,1970,137085.0,82771.0,60.4,78678.0,57.4,3463.0,75215.0,4093.0,4.9,54315.0,,93542.27142857143,5721.492857142857,157020.37857142856,4.401484531889474,95.59851546811052,60.37932669511616
30,1971,140216.0,84382.0,60.2,79367.0,56.6,3394.0,75972.0,5016.0,5.9,55834.0,,93542.27142857143,5721.492857142857,157020.37857142856,4.2763365126563935,95.72240351783486,60.180007987676156
31,1972,144126.0,87034.0,60.4,82153.0,57.0,3484.0,78669.0,4882.0,5.6,57091.0,1.0,93542.27142857143,5721.492857142857,157020.37857142856,4.240867649385902,95.7591323506141,60.38743876885503
32,1973,147096.0,89429.0,60.8,85064.0,57.8,3470.0,81594.0,4365.0,4.9,57667.0,1.0,93542.27142857143,5721.492857142857,157020.37857142856,4.079281482178124,95.92071851782188,60.79635068254745
33,1974,150120.0,91949.0,61.3,86794.0,57.8,3515.0,83279.0,5156.0,5.6,58171.0,,93542.27142857143,5721.492857142857,157020.37857142856,4.049819111920179,95.95018088807981,61.250333066879826
34,1975,153153.0,93774.0,61.2,85846.0,56.1,3408.0,82438.0,7929.0,8.5,59377.0,,93542.27142857143,5721.492857142857,157020.37857142856,3.96989958763367,96.03010041236632,61.22896711132005
35,1976,156150.0,96158.0,61.6,88752.0,56.8,3331.0,85421.0,7406.0,7.7,59991.0,,93542.27142857143,5721.492857142857,157020.37857142856,3.753154858482062,96.24684514151794,61.580531540185724
36,1977,159033.0,99008.0,62.3,92017.0,57.9,3283.0,88734.0,6991.0,7.1,60025.0,,93542.27142857143,5721.492857142857,157020.37857142856,3.567818989969245,96.43218101003076,62.256261279105594
37,1978,161910.0,102250.0,63.2,96048.0,59.3,3387.0,92661.0,6202.0,6.1,59659.0,1.0,93542.27142857143,5721.492857142857,157020.37857142856,3.5263618190904547,96.47363818090955,63.15236859983941
38,1979,164863.0,104962.0,63.7,98824.0,59.9,3347.0,95477.0,6137.0,5.8,59900.0,,93542.27142857143,5721.492857142857,157020.37857142856,3.38682911033757,96.61317088966243,63.66619556844167
39,1980,167745.0,106940.0,63.8,99302.0,59.2,3364.0,95938.0,7637.0,7.1,60806.0,,93542.27142857143,5721.492857142857,157020.37857142856,3.387645767456849,96.61235423254315,63.75152761632239
40,1981,170130.0,108670.0,63.9,100397.0,59.0,3368.0,97030.0,8273.0,7.6,61460.0,,93542.27142857143,5721.492857142857,157020.37857142856,3.3546819128061593,96.64631413289241,63.874684065126665
41,1982,172271.0,110204.0,64.0,99526.0,57.8,3401.0,96125.0,10678.0,9.7,62067.0,,93542.27142857143,5721.492857142857,157020.37857142856,3.4171975162269157,96.5828024837731,63.97130103151431
42,1983,174215.0,111550.0,64.0,100834.0,57.9,3383.0,97450.0,10717.0,9.6,62665.0,,93542.27142857143,5721.492857142857,157020.37857142856,3.3550191403693197,96.64398913065038,64.03007777745889
43,1984,176383.0,113544.0,64.4,105005.0,59.5,3321.0,101685.0,8539.0,7.5,62839.0,,93542.27142857143,5721.492857142857,157020.37857142856,3.162706537783915,96.83824579781916,64.37355073901679
44,1985,178206.0,115461.0,64.8,107150.0,60.1,3179.0,103971.0,8312.0,7.2,62744.0,,93542.27142857143,5721.492857142857,157020.37857142856,2.966868875408306,97.0331311245917,64.79074778626982
45,1986,180587.0,117834.0,65.3,109597.0,60.7,3163.0,106434.0,8237.0,7.0,62752.0,1.0,93542.27142857143,5721.492857142857,157020.37857142856,2.886027902223601,97.1139720977764,65.25054405909617
46,1987,182753.0,119865.0,65.6,112440.0,61.5,3208.0,109232.0,7425.0,6.2,62888.0,,93542.27142857143,5721.492857142857,157020.37857142856,2.8530771967271433,97.14692280327286,65.58852659053477
47,1988,184613.0,121669.0,65.9,114968.0,62.3,3169.0,111800.0,6701.0,5.5,62944.0,,93542.27142857143,5721.492857142857,157020.37857142856,2.7564191775102636,97.24445062974046,65.90489293820045
48,1989,186393.0,123869.0,66.5,117342.0,63.0,3199.0,114142.0,6528.0,5.3,62523.0,,93542.27142857143,5721.492857142857,157020.37857142856,2.7262190860902322,97.27292870412981,66.45582183880296
49,1990,189164.0,125840.0,66.5,118793.0,62.8,3223.0,115570.0,7047.0,5.6,63324.0,1.0,93542.27142857143,5721.492857142857,157020.37857142856,2.713122827102607,97.28687717289739,66.52428580491002
50,1991,190925.0,126346.0,66.2,117718.0,61.7,3269.0,114449.0,8628.0,6.8,64578.0,,93542.27142857143,5721.492857142857,157020.37857142856,2.7769754837832785,97.22302451621671,66.17572345161713
51,1992,192805.0,128105.0,66.4,118492.0,61.5,3247.0,115245.0,9613.0,7.5,64700.0,,93542.27142857143,5721.492857142857,157020.37857142856,2.7402693852749556,97.25973061472504,66.44277897357433
52,1993,194838.0,129200.0,66.3,120259.0,61.7,3115.0,117144.0,8940.0,6.9,65638.0,,93542.27142857143,5721.492857142857,157020.37857142856,2.590242726116133,97.40975727388387,66.31149981009865
53,1994,196814.0,131056.0,66.6,123060.0,62.5,3409.0,119651.0,7996.0,6.1,65758.0,1.0,93542.27142857143,5721.492857142857,157020.37857142856,2.770193401592719,97.22980659840728,66.58875892975094
54,1995,198584.0,132304.0,66.6,124900.0,62.9,3440.0,121460.0,7404.0,5.6,66280.0,,93542.27142857143,5721.492857142857,157020.37857142856,2.754203362690152,97.24579663730985,66.62369576602345
55,1996,200591.0,133943.0,66.8,126708.0,63.2,3443.0,123264.0,7236.0,5.4,66647.0,,93542.27142857143,5721.492857142857,157020.37857142856,2.7172712062379647,97.28193957761152,66.77418229132913
56,1997,203133.0,136297.0,67.1,129558.0,63.8,3399.0,126159.0,6739.0,4.9,66836.0,1.0,93542.27142857143,5721.492857142857,157020.37857142856,2.6235354049923587,97.37646459500763,67.09741893242358
57,1998,205220.0,137673.0,67.1,131463.0,64.1,3378.0,128085.0,6210.0,4.5,67547.0,1.0,93542.27142857143,5721.492857142857,157020.37857142856,2.56954428242167,97.43045571757834,67.08556670889777
58,1999,207753.0,139368.0,67.1,133488.0,64.3,3281.0,130207.0,5880.0,4.2,68385.0,1.0,93542.27142857143,5721.492857142857,157020.37857142856,2.4578988373486754,97.54210116265133,67.08350781938167
59,2000,212577.0,142583.0,67.1,136891.0,64.4,2464.0,134427.0,5692.0,4.0,69994.0,1.0,93542.27142857143,5721.492857142857,157020.37857142856,1.7999722406878464,98.20002775931216,67.07357804466146
60,2001,215092.0,143734.0,66.8,136933.0,63.7,2299.0,134635.0,6801.0,4.7,71359.0,,93542.27142857143,5721.492857142857,157020.37857142856,1.6789232690439848,98.32180701510957,66.82442861659197
61,2002,217570.0,144863.0,66.6,136485.0,62.7,2311.0,134174.0,8378.0,5.8,72707.0,,93542.27142857143,5721.492857142857,157020.37857142856,1.6932263618712677,98.30677363812873,66.5822493910006
62,2003,221168.0,146510.0,66.2,137736.0,62.3,2275.0,135461.0,8774.0,6.0,74658.0,1.0,93542.27142857143,5721.492857142857,157020.37857142856,1.6517105186734042,98.3482894813266,66.24376039933443
63,2004,223357.0,147401.0,66.0,139252.0,62.3,2232.0,137020.0,8149.0,5.5,75956.0,1.0,93542.27142857143,5721.492857142857,157020.37857142856,1.6028495102404272,98.39715048975958,65.99345442497885
64,2005,226082.0,149320.0,66.0,141730.0,62.7,2197.0,139532.0,7591.0,5.1,76762.0,1.0,93542.27142857143,5721.492857142857,157020.37857142856,1.550130529880759,98.44916390319621,66.04683256517548
65,2006,228815.0,151428.0,66.2,144427.0,63.1,2206.0,142221.0,7001.0,4.6,77387.0,1.0,93542.27142857143,5721.492857142857,157020.37857142856,1.527415233993644,98.47258476600635,66.1792277604178
66,2007,231867.0,153124.0,66.0,146047.0,63.0,2095.0,143952.0,7078.0,4.6,78743.0,1.0,93542.27142857143,5721.492857142857,157020.37857142856,1.4344697254993255,98.56553027450067,66.03958303682714
67,2008,233788.0,154287.0,66.0,145362.0,62.2,2168.0,143194.0,8924.0,5.8,79501.0,1.0,93542.27142857143,5721.492857142857,157020.37857142856,1.491448934384502,98.5085510656155,65.99440518760586
68,2009,235801.0,154142.0,65.4,139877.0,59.3,2103.0,137775.0,14265.0,9.3,81659.0,1.0,93542.27142857143,5721.492857142857,157020.37857142856,1.5034637574440401,98.4972511563731,65.36952769496312
69,2010,237830.0,153889.0,64.7,139064.0,58.5,2206.0,136858.0,14825.0,9.6,83941.0,1.0,93542.27142857143,5721.492857142857,157020.37857142856,1.5863199677846174,98.41368003221538,64.70546188453937
